Proceeding with defaults
words.txt snakes brains 

Searching at depth level  4
14374 0
4  is not deep enough!

Searching at depth level  5
14374 4
14374 0
14374 0
14374 0
14374 0
5  is not deep enough!

Searching at depth level  6
14374 5
14374 10
14374 0
14374 0
14374 0
14374 0
14374 0
14374 1
14374 0
14374 0
14374 0
14374 0
14374 6
14374 0
14374 0
14374 0
14374 0
14374 0
14374 1
14374 7
14374 0
14374 1
14374 0
14374 0
14374 1
14374 0
14374 0
14374 0
14374 12
14374 0
14374 0
14374 0
14374 0
14374 0
14374 0
14374 0
14374 0
14374 0
14374 0
14374 0
6  is not deep enough!

Searching at depth level  7
14374 5
14374 12
14374 8
14374 0
14374 0
14374 0
14374 1
14374 0
14374 0
14374 0
14374 0
14374 1
14374 1
14374 1
14374 11
14374 0
14374 0
14374 0
14374 0
14374 1
14374 0
14374 0
14374 0
14374 0
14374 0
14374 0
14374 7
14374 0
14374 0
14374 0
14374 0
14374 1
14374 0
14374 0
14374 9
14374 1
14374 0
14374 0
14374 0
14374 0
14374 0
14374 1
14374 0
14374 0
14374 0
14374 15
14374 0
14374 0
14374 0
14374 0
14374 0
14374 0
14374 1
14374 0
14374 1
14374 0
14374 0
14374 1
14374 0
14374 0
14374 0
14374 0
14374 0
14374 9
14374 0
14374 0
14374 0
14374 0
14374 1
14374 0
14374 0
14374 0
14374 0
14374 6
14374 0
14374 0
14374 0
14374 0
14374 12
14374 0
14374 0
14374 0
14374 0
14374 0
14374 0
14374 0
14374 0
14374 0
14374 0
14374 8
14374 5
14374 2
14374 0
14374 0
14374 0
14374 1
14374 0
14374 0
14374 10
14374 0
14374 0
14374 0
14374 0
14374 0
14374 1
14374 0
14374 0
14374 0
14374 1
14374 1
14374 7
14374 0
14374 1
14374 0
14374 0
14374 0
14374 0
14374 0
14374 5
14374 0
14374 0
14374 0
14374 0
14374 12
14374 0
14374 0
14374 0
14374 0
14374 0
14374 0
14374 0
14374 0
14374 0
14374 0
14374 6
14374 1
14374 0
14374 1
14374 0
14374 0
14374 0
14374 1
14374 0
14374 10
14374 9
14374 0
14374 0
14374 0
14374 0
14374 0
14374 1
14374 0
14374 0
14374 0
14374 15
14374 0
14374 0
14374 0
14374 0
14374 0
14374 0
14374 0
14374 1
14374 0
14374 1
14374 0
14374 0
14374 1
14374 0
14374 0
14374 0
14374 0
14374 1
14374 1
14374 5
14374 1
14374 0
14374 0
14374 1
14374 0
14374 0
14374 4
14374 0
14374 2
14374 0
14374 1
14374 0
14374 0
14374 1
14374 9
14374 0
14374 1
14374 0
14374 0
14374 0
14374 0
14374 0
14374 0
14374 0
14374 14
14374 0
14374 1
14374 0
14374 0
14374 0
14374 0
14374 0
14374 0
14374 0
14374 0
14374 0
14374 0
14374 0
14374 0
14374 14
14374 10
14374 0
14374 0
14374 0
14374 0
14374 0
14374 1
14374 0
14374 0
14374 0
14374 6
14374 0
14374 0
14374 0
14374 0
14374 11
14374 0
14374 0
14374 0
14374 0
14374 0
14374 0
14374 0
14374 0
14374 0
14374 0
14374 10
14374 0
14374 0
14374 0
14374 0
14374 0
14374 0
14374 0
14374 0
14374 0
14374 1
14374 15
14374 0
14374 0
14374 0
14374 0
14374 0
14374 0
14374 0
14374 0
14374 0
14374 0
14374 0
14374 0
14374 0
14374 0
14374 12
14374 0
14374 0
14374 0
14374 0
14374 1
14374 1
14374 0
14374 0
14374 0
14374 0
14374 0
14374 0
14374 0
14374 13
14374 0
14374 0
14374 0
14374 0
14374 0
14374 0
14374 0
14374 0
14374 0
14374 0
14374 0
14374 0
14374 14
14374 0
14374 1
14374 0
14374 0
14374 0
14374 0
14374 0
14374 0
14374 0
14374 0
14374 0
14374 0
14374 0
14374 0
14374 10
14374 0
14374 0
14374 0
14374 0
14374 0
14374 0
14374 0
14374 0
14374 0
14374 13
14374 0
14374 0
14374 0
14374 0
14374 0
14374 0
14374 0
14374 0
14374 0
14374 0
14374 0
14374 0
14374 12
14374 0
14374 0
14374 0
14374 0
14374 0
14374 0
14374 0
14374 0
14374 0
14374 0
14374 0
14374 1
7  is not deep enough!

Searching at depth level  8
14374 5
14374 12
14374 10
14374 1
14374 1
14374 11
14374 0
14374 0
14374 0
14374 1
14374 0
14374 0
14374 0
14374 0
14374 0
14374 0
14374 7
14374 0
14374 0
14374 0
14374 1
14374 0
14374 0
14374 9
14374 1
14374 0
14374 0
14374 0
14374 0
14374 1
14374 0
14374 0
14374 0
14374 15
14374 0
14374 0
14374 0
14374 0
14374 0
14374 1
14374 0
14374 1
14374 0
14374 0
14374 1
14374 0
14374 0
14374 0
14374 0
14374 0
14374 9
14374 0
14374 0
14374 0
14374 1
14374 0
14374 0
14374 0
14374 0
14374 6
14374 0
14374 0
14374 0
14374 0
14374 0
14374 11
14374 0
14374 0
14374 0
14374 0
14374 0
14374 0
14374 0
14374 0
14374 0
14374 0
14374 4
14374 1
14374 1
14374 0
14374 1
14374 0
14374 8
14374 1
14374 0
14374 1
14374 1
14374 0
14374 1
14374 1
14374 0
14374 1
14374 0
14374 1
14374 0
14374 0
14374 1
14374 12
14374 9
14374 0
14374 0
14374 0
14374 0
14374 0
14374 0
14374 0
14374 0
14374 8
14374 0
14374 0
14374 1
14374 0
14374 0
14374 0
14374 0
14374 1
14374 7
14374 0
14374 0
14374 0
14374 1
14374 0
14374 0
14374 9
14374 1
14374 0
14374 0
14374 0
14374 0
14374 1
14374 0
14374 0
14374 0
14374 15
14374 0
14374 0
14374 0
14374 0
14374 0
14374 1
14374 0
14374 1
14374 0
14374 0
14374 1
14374 0
14374 0
14374 0
14374 0
14374 0
14374 9
14374 0
14374 0
14374 0
14374 1
14374 0
14374 0
14374 0
14374 0
14374 9
14374 0
14374 0
14374 0
14374 1
14374 0
14374 0
14374 0
14374 0
14374 0
14374 15
14374 0
14374 0
14374 0
14374 0
14374 0
14374 0
14374 0
14374 0
14374 0
14374 0
14374 0
14374 0
14374 0
14374 0
14374 5
14374 0
14374 0
14374 0
14374 0
14374 1
14374 8
14374 8
14374 0
14374 0
14374 1
14374 0
14374 0
14374 0
14374 0
14374 11
14374 0
14374 0
14374 0
14374 1
14374 0
14374 0
14374 0
14374 0
14374 0
14374 0
14374 1
14374 1
14374 9
14374 1
14374 0
14374 0
14374 0
14374 0
14374 1
14374 0
14374 0
14374 0
14374 15
14374 0
14374 0
14374 0
14374 0
14374 0
14374 1
14374 0
14374 1
14374 0
14374 0
14374 1
14374 0
14374 0
14374 0
14374 0
14374 0
14374 9
14374 0
14374 0
14374 0
14374 1
14374 0
14374 0
14374 0
14374 0
14374 12
14374 5
14374 0
14374 0
14374 1
14374 0
14374 9
14374 1
14374 0
14374 0
14374 0
14374 0
14374 1
14374 0
14374 1
14374 0
14374 0
14374 0
14374 0
14374 4
14374 0
14374 0
14374 0
14374 8
14374 0
14374 0
14374 1
14374 0
14374 0
14374 0
14374 0
14374 11
14374 0
14374 0
14374 0
14374 1
14374 0
14374 0
14374 0
14374 0
14374 0
14374 0
14374 7
14374 0
14374 0
14374 0
14374 1
14374 0
14374 0
14374 1
14374 1
14374 1
14374 15
14374 0
14374 0
14374 0
14374 0
14374 0
14374 1
14374 0
14374 1
14374 0
14374 0
14374 1
14374 0
14374 0
14374 0
14374 0
14374 0
14374 9
14374 0
14374 0
14374 0
14374 1
14374 0
14374 0
14374 0
14374 0
14374 13
14374 0
14374 0
14374 0
14374 0
14374 0
14374 0
14374 0
14374 0
14374 0
14374 0
14374 0
14374 0
14374 19
14374 10
14374 0
14374 1
14374 0
14374 0
14374 0
14374 0
14374 0
14374 1
14374 1
14374 0
14374 0
14374 1
14374 0
14374 9
14374 0
14374 0
14374 0
14374 0
14374 0
14374 0
14374 0
14374 0
14374 8
14374 0
14374 0
14374 0
14374 0
14374 0
14374 0
14374 11
14374 0
14374 0
14374 0
14374 0
14374 0
14374 0
14374 0
14374 0
14374 0
14374 7
14374 0
14374 0
14374 0
14374 0
14374 0
14374 9
14374 1
14374 0
14374 0
14374 0
14374 0
14374 0
14374 0
14374 0
14374 6
14374 0
14374 1
14374 0
14374 0
14374 1
14374 0
14374 0
14374 1
14374 1
14374 9
14374 0
14374 0
14374 0
14374 1
14374 0
14374 0
14374 1
14374 0
14374 0
14374 0
14374 5
14374 1
14374 1
14374 1
14374 1
14374 5
14374 0
14374 1
14374 0
14374 1
14374 0
14374 0
14374 9
14374 0
14374 0
14374 0
14374 0
14374 0
14374 0
14374 0
14374 1
14374 1
14374 7
14374 0
14374 0
14374 1
14374 0
14374 0
14374 0
14374 9
14374 0
14374 0
14374 0
14374 0
14374 0
14374 0
14374 0
14374 0
14374 14
14374 0
14374 0
14374 0
14374 0
14374 0
14374 0
14374 0
14374 0
14374 0
14374 0
14374 0
14374 0
14374 0
14374 14
14374 8
14374 0
14374 0
14374 0
14374 1
14374 0
14374 0
14374 0
14374 11
14374 0
14374 0
14374 0
14374 0
14374 1
14374 0
14374 0
14374 0
14374 0
14374 0
14374 7
14374 0
14374 0
14374 0
14374 0
14374 1
14374 0
14374 9
14374 1
14374 0
14374 0
14374 0
14374 0
14374 0
14374 1
14374 0
14374 0
14374 15
14374 0
14374 0
14374 0
14374 0
14374 0
14374 0
14374 1
14374 0
14374 1
14374 0
14374 0
14374 1
14374 0
14374 0
14374 0
14374 0
14374 1
14374 1
14374 1
14374 1
14374 1
14374 5
14374 0
14374 0
14374 0
14374 0
14374 4
14374 0
14374 0
14374 0
14374 12
14374 0
14374 0
14374 0
14374 0
14374 0
14374 0
14374 0
14374 0
14374 0
14374 0
14374 0
14374 8
14374 5
14374 2
14374 0
14374 0
14374 0
14374 1
14374 0
14374 0
14374 1
14374 1
14374 7
14374 0
14374 1
14374 0
14374 0
14374 0
14374 0
14374 0
14374 5
14374 0
14374 0
14374 0
14374 0
14374 12
14374 0
14374 0
14374 0
14374 0
14374 0
14374 0
14374 0
14374 0
14374 0
14374 14
14374 6
14374 0
14374 0
14374 0
14374 11
14374 0
14374 0
14374 0
14374 0
14374 0
14374 0
14374 0
14374 0
14374 0
14374 0
14374 10
14374 0
14374 0
14374 0
14374 0
14374 0
14374 0
14374 0
14374 0
14374 0
14374 1
14374 15
14374 0
14374 0
14374 0
14374 0
14374 0
14374 0
14374 0
14374 0
14374 0
14374 0
14374 0
14374 0
14374 0
14374 0
14374 12
14374 0
14374 0
14374 0
14374 0
14374 1
14374 1
14374 0
14374 0
14374 0
14374 0
14374 0
14374 0
14374 0
14374 13
14374 0
14374 0
14374 0
14374 0
14374 0
14374 0
14374 0
14374 0
14374 0
14374 0
14374 0
14374 0
14374 14
14374 0
14374 1
14374 0
14374 0
14374 0
14374 0
14374 0
14374 0
14374 0
14374 0
14374 0
14374 0
14374 0
14374 0
14374 10
14374 0
14374 0
14374 0
14374 0
14374 0
14374 0
14374 0
14374 0
14374 0
14374 13
14374 0
14374 0
14374 0
14374 0
14374 0
14374 0
14374 0
14374 0
14374 0
14374 0
14374 0
14374 0
14374 12
14374 0
14374 0
14374 0
14374 0
14374 0
14374 0
14374 0
14374 0
14374 0
14374 0
14374 0
14374 1
14374 8
14374 8
14374 1
14374 1
14374 6
14374 3
14374 0
14374 0
14374 1
14374 0
14374 0
14374 1
14374 0
14374 0
14374 0
14374 6
14374 2
14374 0
14374 0
14374 2
14374 1
14374 0
14374 1
14374 0
14374 1
14374 0
14374 0
14374 0
14374 6
14374 3
14374 0
14374 0
14374 1
14374 0
14374 2
14374 0
14374 0
14374 0
14374 0
14374 1
14374 0
14374 4
14374 2
14374 0
14374 0
14374 0
14374 1
14374 0
14374 1
14374 12
14374 8
14374 0
14374 0
14374 0
14374 1
14374 0
14374 0
14374 0
14374 0
14374 1
14374 1
14374 1
14374 11
14374 0
14374 0
14374 0
14374 0
14374 1
14374 0
14374 0
14374 0
14374 0
14374 0
14374 0
14374 7
14374 0
14374 0
14374 0
14374 0
14374 1
14374 0
14374 0
14374 9
14374 1
14374 0
14374 0
14374 0
14374 0
14374 0
14374 1
14374 0
14374 0
14374 0
14374 15
14374 0
14374 0
14374 0
14374 0
14374 0
14374 0
14374 1
14374 0
14374 1
14374 0
14374 0
14374 1
14374 0
14374 0
14374 0
14374 0
14374 0
14374 9
14374 0
14374 0
14374 0
14374 0
14374 1
14374 0
14374 0
14374 0
14374 0
14374 12
14374 0
14374 0
14374 0
14374 0
14374 0
14374 0
14374 0
14374 0
14374 0
14374 8
14374 1
14374 0
14374 1
14374 1
14374 0
14374 1
14374 0
14374 1
14374 0
14374 1
14374 0
14374 8
14374 1
14374 0
14374 1
14374 0
14374 1
14374 1
14374 0
14374 1
14374 0
14374 0
14374 0
14374 9
14374 3
14374 0
14374 1
14374 0
14374 7
14374 0
14374 0
14374 0
14374 0
14374 0
14374 6
14374 0
14374 0
14374 0
14374 0
14374 0
14374 0
14374 3
14374 0
14374 0
14374 1
14374 1
14374 5
14374 0
14374 0
14374 0
14374 7
14374 0
14374 0
14374 0
14374 0
14374 0
14374 0
14374 13
14374 0
14374 0
14374 0
14374 0
14374 0
14374 0
14374 0
14374 0
14374 0
14374 0
14374 0
14374 0
14374 8
14374 9
14374 0
14374 0
14374 0
14374 0
14374 0
14374 1
14374 0
14374 0
14374 0
14374 7
14374 0
14374 1
14374 0
14374 0
14374 0
14374 0
14374 1
14374 1
14374 1
14374 4
14374 0
14374 0
14374 0
14374 12
14374 0
14374 0
14374 0
14374 0
14374 0
14374 0
14374 0
14374 0
14374 0
14374 0
14374 0
14374 14
14374 10
14374 0
14374 0
14374 0
14374 0
14374 0
14374 1
14374 0
14374 0
14374 11
14374 0
14374 0
14374 0
14374 0
14374 0
14374 0
14374 0
14374 0
14374 0
14374 0
14374 10
14374 0
14374 0
14374 0
14374 0
14374 0
14374 0
14374 0
14374 0
14374 0
14374 1
14374 15
14374 0
14374 0
14374 0
14374 0
14374 0
14374 0
14374 0
14374 0
14374 0
14374 0
14374 0
14374 0
14374 0
14374 0
14374 12
14374 0
14374 0
14374 0
14374 0
14374 1
14374 1
14374 0
14374 0
14374 0
14374 0
14374 0
14374 0
14374 0
14374 13
14374 0
14374 0
14374 0
14374 0
14374 0
14374 0
14374 0
14374 0
14374 0
14374 0
14374 0
14374 0
14374 14
14374 0
14374 1
14374 0
14374 0
14374 0
14374 0
14374 0
14374 0
14374 0
14374 0
14374 0
14374 0
14374 0
14374 0
14374 10
14374 0
14374 0
14374 0
14374 0
14374 0
14374 0
14374 0
14374 0
14374 0
14374 13
14374 0
14374 0
14374 0
14374 0
14374 0
14374 0
14374 0
14374 0
14374 0
14374 0
14374 0
14374 0
14374 12
14374 0
14374 0
14374 0
14374 0
14374 0
14374 0
14374 0
14374 0
14374 0
14374 0
14374 0
14374 1
14374 6
14374 8
14374 1
14374 0
14374 1
14374 0
14374 6
14374 0
14374 0
14374 0
14374 0
14374 0
14374 1
14374 0
14374 1
14374 0
14374 0
14374 1
14374 0
14374 10
14374 1
14374 0
14374 0
14374 1
14374 1
14374 0
14374 1
14374 0
14374 7
14374 0
14374 1
14374 0
14374 0
14374 1
14374 0
14374 0
14374 0
14374 0
14374 0
14374 1
14374 0
14374 1
14374 0
14374 5
14374 0
14374 0
14374 1
14374 0
14374 0
14374 6
14374 1
14374 0
14374 0
14374 0
14374 0
14374 1
14374 0
14374 11
14374 1
14374 0
14374 0
14374 1
14374 0
14374 12
14374 0
14374 0
14374 0
14374 0
14374 0
14374 0
14374 0
14374 0
14374 0
14374 0
14374 0
14374 1
14374 0
14374 1
14374 0
14374 1
14374 0
14374 1
14374 0
14374 1
14374 0
14374 0
14374 10
14374 13
14374 9
14374 0
14374 0
14374 0
14374 0
14374 0
14374 0
14374 0
14374 0
14374 4
14374 0
14374 0
14374 0
14374 1
14374 1
14374 1
14374 4
14374 0
14374 0
14374 0
14374 7
14374 0
14374 0
14374 0
14374 0
14374 0
14374 1
14374 0
14374 7
14374 0
14374 0
14374 0
14374 0
14374 0
14374 0
14374 2
14374 0
14374 15
14374 0
14374 0
14374 0
14374 0
14374 0
14374 0
14374 1
14374 0
14374 1
14374 0
14374 0
14374 1
14374 0
14374 0
14374 0
14374 0
14374 9
14374 1
14374 0
14374 0
14374 0
14374 0
14374 0
14374 0
14374 0
14374 14
14374 1
14374 0
14374 0
14374 0
14374 0
14374 0
14374 0
14374 0
14374 0
14374 0
14374 0
14374 0
14374 0
14374 19
14374 10
14374 0
14374 1
14374 0
14374 0
14374 0
14374 0
14374 0
14374 1
14374 1
14374 0
14374 0
14374 1
14374 0
14374 9
14374 0
14374 0
14374 0
14374 0
14374 0
14374 0
14374 0
14374 8
14374 0
14374 0
14374 0
14374 0
14374 0
14374 0
14374 0
14374 10
14374 0
14374 0
14374 0
14374 0
14374 0
14374 0
14374 0
14374 0
14374 11
14374 0
14374 0
14374 0
14374 0
14374 0
14374 0
14374 0
14374 0
14374 0
14374 0
14374 7
14374 0
14374 0
14374 0
14374 0
14374 0
14374 0
14374 9
14374 1
14374 0
14374 0
14374 0
14374 0
14374 0
14374 0
14374 0
14374 0
14374 6
14374 0
14374 1
14374 0
14374 0
14374 1
14374 0
14374 0
14374 1
14374 1
14374 9
14374 0
14374 0
14374 0
14374 1
14374 0
14374 0
14374 1
14374 0
14374 0
14374 0
14374 5
14374 1
14374 1
14374 1
14374 1
14374 5
14374 0
14374 1
14374 0
14374 1
14374 0
14374 0
14374 9
14374 0
14374 0
14374 0
14374 0
14374 0
14374 0
14374 0
14374 0
14374 1
14374 1
14374 9
14374 0
14374 0
14374 0
14374 0
14374 0
14374 0
14374 0
14374 14
14374 0
14374 0
14374 0
14374 0
14374 0
14374 0
14374 0
14374 0
14374 0
14374 0
14374 0
14374 0
14374 10
14374 1
14374 0
14374 0
14374 1
14374 1
14374 0
14374 1
14374 1
14374 0
14374 0
14374 1
14374 0
14374 1
14374 0
14374 8
14374 1
14374 0
14374 1
14374 0
14374 1
14374 1
14374 0
14374 1
14374 0
14374 1
14374 0
14374 1
14374 0
14374 5
14374 9
14374 0
14374 0
14374 0
14374 1
14374 0
14374 1
14374 0
14374 0
14374 1
14374 0
14374 0
14374 6
14374 0
14374 0
14374 1
14374 0
14374 0
14374 0
14374 4
14374 0
14374 2
14374 0
14374 1
14374 0
14374 4
14374 1
14374 0
14374 0
14374 0
14374 5
14374 2
14374 0
14374 3
14374 3
14374 0
14374 1
14374 0
14374 3
14374 0
14374 2
14374 0
14374 1
14374 1
snakes
snares
snarls
snails
swails
swains
twains
trains
brains
